-14
-11
-7
-3
0
4
8
11
15
18
22
26
29
33
37
11
15
18
22
26
29
33
36
40
43
46
50
53
57
31
35
38
41
44
48
51
54
57
61
64
67
70
73
76
50
53
56
59
62
65
68
71
73
76
79
82
84
87
60
63
66
68
71
73
75
78
80
82
85
87
89
91
93
66
68
71
72
74
76
78
80
82
84
85
87
89
90
63
65
66
68
69
70
72
73
75
76
77
78
80
81
82
54
55
56
57
58
59
60
61
62
63
64
64
65
66
38
38
39
40
41
41
42
42
43
43
44
45
45
46
46
18
18
18
19
19
20
20
20
21
21
21
22
22
23
-6
-6
-5
-5
-5
-4
-3
-3
-3
-2
-2
-2
-1
-1
0
-29
-29
-28
-28
-28
-27
-27
-26
-26
-26
-25
-25
-24
-24
-52
-52
-51
-50
-50
-49
-49
-48
-47
-46
-46
-45
-44
-43
-43
-71
-70
-69
-68
-67
-66
-65
-64
-63
-62
-61
-60
-59
-57
-85
-84
-83
-81
-80
-78
-77
-76
-74
-73
-71
-69
-68
-66
-564
-1192
3410
12912
4114
-1884
-682
-80
-79
-76
-74
-72
-70
-68
-66
-93
-90
-88
-86
-83
-81
-79
-76
-74
-71
-68
-66
-63
-61
-58
-84
-81
-79
-76
-73
-70
-67
-64
-61
-58
-55
-52
-49
-46
-72
-69
-65
-62
-59
-56
-52
-49
-46
-43
-39
-36
-32
-29
-26
-51
-48
-44
-41
-37
-34
-30
-26
-23
-19
-16
-12
-8
-5
-30
-26
-23
-19
-16
-12
-8
-5
-1
3
6
9
13
17
20
-5
-1
2
6
9
13
17
20
24
28
31
35
38
42
17
20
24
27
31
34
37
41
44
48
51
55
58
61
64
39
42
45
48
52
55
58
61
64
67
70
73
76
79
53
56
59
62
64
67
70
73
75
78
80
83
86
88
91
64
66
69
71
73
76
78
80
82
84
86
88
91
92
65
67
69
71
73
75
76
78
80
81
83
85
86
88
89
61
63
64
66
67
68
69
71
72
73
74
75
76
77
49
50
51
52
53
54
55
55
56
57
58
58
59
60
61
32
33
33
34
34
35
36
36
37
37
38
38
38
39
10
11
11
11
12
12
12
13
13
14
14
14
15
15
15
-13
-12
-12
-12
-11
-11
-11
-10
-10
-9
-9
-9
-8
-8
-37
-36
-36
-35
-35
-35
-34
-34
-33
-33
-32
-32
-31
-30
-30
-58
-58
-57
-56
-55
-55
-54
-53
-52
-52
-51
-50
-49
-48
-76
-75
-74
-73
-72
-71
-70
-69
-68
-66
-65
-64
-63
-61
-60
-87
-86
-85
-83
-82
-80
-78
-77
-75
-73
-72
-70
-68
-66
-93
-91
-89
-88
-85
-83
-81
-79
-77
-75
-73
-70
-68
-66
-63
-90
-88
-85
-83
-80
-77
-75
-72
-70
-67
-64
-61
-59
-56
-82
-79
-76
-73
-70
-67
-64
-61
-58
-55
-52
-49
-45
-42
-39
-65
-61
-58
-55
-52
-48
-45
-41
-38
-34
-31
-528
-1124
3479
12954
4157
-1839
-635
-32
-28
-25
-21
-17
-14
-10
-6
-3
1
4
-21
-17
-14
-10
-6
-3
0
4
8
11
15
19
22
26
0
4
8
11
15
19
22
26
29
33
37
40
44
47
51
25
28
32
35
39
42
46
49
52
55
59
62
65
68
43
46
49
52
55
58
61
64
67
70
73
76
79
82
84
58
61
64
66
69
71
74
77
79
82
84
86
89
91
64
67
69
71
73
75
77
79
82
83
85
87
89
91
93
66
67
69
71
72
74
76
77
79
80
81
83
84
86
58
59
60
62
63
64
65
66
67
68
69
70
71
72
73
45
46
46
47
48
49
49
50
51
52
52
53
53
54
26
26
27
27
28
28
29
29
29
30
30
31
31
31
32
3
3
4
4
5
5
5
6
6
6
7
8
8
8
-20
-20
-20
-19
-19
-18
-18
-18
-17
-17
-17
-16
-16
-15
-15
-44
-43
-43
-42
-42
-41
-40
-40
-39
-39
-38
-38
-37
-36
-64
-64
-63
-62
-61
-61
-60
-59
-58
-57
-56
-55
-54
-53
-52
-80
-79
-78
-77
-75
-74
-73
-72
-70
-69
-67
-66
-65
-63
-91
-89
-87
-86
-84
-82
-81
-79
-77
-75
-73
-71
-69
-68
-65
-92
-90
-88
-86
-84
-82
-79
-77
-75
-72
-70
-68
-65
-63
-89
-86
-84
-81
-79
-76
-73
-70
-68
-65
-62
-59
-56
-53
-50
-76
-73
-70
-67
-64
-61
-58
-54
-51
-48
-45
-41
-38
-35
-61
-57
-54
-50
-47
-44
-40
-37
-33
-30
-26
-23
-19
-15
-12
-37
-34
-30
-26
-23
-19
-15
-12
-8
-5
-1
3
6
10
-15
-12
-9
-5
-1
2
6
10
13
17
20
24
28
31
35
10
13
17
20
24
28
31
35
38
42
45
49
52
55
30
33
37
40
43
46
50
53
56
-441
-1037
3566
13069
4272
-1725
-551
52
55
58
61
64
67
70
73
75
78
81
84
86
60
62
65
68
70
73
75
77
80
82
84
87
89
91
93
66
68
70
73
74
76
78
80
82
84
86
87
89
91
63
65
67
68
70
71
72
74
75
77
78
79
80
82
83
55
56
57
58
59
60
61
62
63
64
65
66
66
67
39
40
40
41
42
43
43
44
44
45
46
46
47
47
48
19
20
20
20
21
21
22
22
22
23
23
23
24
24
-4
-4
-4
-3
-3
-3
-2
-1
-1
-1
0
0
0
1
1
-27
-27
-27
-26
-26
-26
-25
-25
-24
-24
-24
-23
-23
-22
-51
-50
-49
-49
-48
-48
-47
-47
-46
-45
-44
-44
-43
-42
-41
-70
-69
-68
-67
-66
-65
-64
-63
-62
-61
-60
-59
-58
-57
-84
-83
-82
-81
-79
-78
-76
-75
-74
-72
-71
-69
-67
-66
-64
-91
-90
-88
-86
-84
-82
-80
-78
-77
-74
-72
-70
-68
-66
-93
-91
-88
-86
-84
-81
-79
-77
-74
-72
-69
-66
-64
-61
-59
-85
-82
-79
-77
-74
-71
-68
-65
-62
-59
-56
-53
-50
-47
-73
-70
-67
-63
-60
-57
-54
-50
-47
-44
-41
-37
-34
-30
-27
-53
-49
-46
-42
-39
-35
-32
-28
-24
-21
-17
-14
-10
-6
-32
-28
-24
-21
-17
-14
-10
-6
-3
1
5
8
11
15
19
-7
-3
1
4
8
11
15
19
22
26
30
33
37
40
15
19
22
26
29
33
36
39
43
46
50
53
57
60
63
37
41
44
47
50
54
57
60
63
66
69
72
75
78
52
55
58
61
64
66
69
72
75
77
80
82
85
88
90
64
66
68
71
73
75
78
80
82
84
86
88
90
93
65
67
69
71
73
75
77
78
80
82
83
85
87
88
90
62
63
65
66
68
69
-430
-1029
3573
13074
4275
-1724
-523
78
50
51
52
53
54
55
56
57
57
58
59
60
60
61
62
34
34
35
35
36
37
37
38
38
39
39
40
40
40
12
12
13
13
13
14
14
14
15
15
16
16
16
17
17
-12
-11
-10
-10
-10
-9
-9
-9
-8
-8
-7
-7
-7
-6
-35
-35
-34
-34
-33
-33
-33
-32
-32
-31
-31
-30
-30
-29
-28
-57
-56
-56
-55
-54
-53
-53
-52
-51
-50
-50
-49
-48
-47
-75
-74
-73
-72
-71
-70
-69
-68
-67
-66
-64
-63
-62
-61
-59
-87
-85
-84
-83
-81
-80
-78
-76
-75
-73
-71
-70
-68
-66
-93
-91
-89
-87
-86
-83
-81
-79
-77
-75
-73
-71
-68
-66
-64
-90
-88
-86
-83
-81
-78
-75
-73
-70
-68
-65
-62
-59
-57
-83
-80
-77
-74
-71
-68
-65
-62
-59
-56
-53
-50
-47
-43
-40
-66
-63
-59
-56
-53
-50
-46
-43
-39
-36
-33
-29
-26
-22
-48
-44
-41
-37
-33
-30
-26
-23
-19
-15
-12
-8
-4
-1
3
-23
-19
-15
-12
-8
-4
-1
2
6
10
13
17
21
24
-1
2
6
10
13
17
21
24
28
31
35
39
42
46
49
24
27
30
34
37
41
44
48
51
54
57
61
64
67
41
45
48
51
54
57
60
63
66
69
72
75
78
81
84
57
60
63
66
68
71
73
76
79
81
84
86
88
91
64
66
69
71
73
75
77
79
81
84
85
87
89
91
93
66
68
69
71
73
74
76
78
79
81
82
83
85
86
59
60
61
62
64
65
66
67
68
69
70
71
72
73
74
46
47
48
48
49
50
51
51
52
53
54
54
55
55
27
28
28
29
29
30
30
31
31
31
32
32
33
33
33
5
5
5
6
6
7
7
7
8
8
8
9
10
10
-19
-18
-18
-18
-517
-1117
3484
12984
4184
-1815
-615
-15
-14
-14
-13
-42
-42
-41
-41
-40
-40
-39
-38
-38
-37
-37
-36
-36
-35
-63
-62
-62
-61
-60
-59
-59
-58
-57
-56
-55
-54
-53
-52
-51
-79
-78
-77
-76
-75
-73
-72
-71
-70
-68
-67
-65
-64
-63
-90
-89
-87
-85
-84
-82
-80
-79
-77
-75
-73
-71
-69
-67
-66
-92
-90
-88
-86
-84
-82
-80
-77
-75
-73
-70
-68
-66
-63
-90
-87
-84
-82
-79
-77
-74
-71
-68
-66
-63
-60
-57
-54
-51
-77
-74
-71
-68
-65
-62
-59
-56
-52
-49
-46
-43
-39
-36
-62
-59
-55
-52
-48
-45
-42
-38
-35
-31
-28
-24
-21
-17
-13
-39
-35
-32
-28
-24
-21
-17
-13
-10
-6
-3
1
5
8
-17
-13
-10
-7
-3
1
4
8
12
15
19
22
26
30
33
8
12
15
19
22
26
30
33
37
40
44
47
50
54
28
32
35
39
42
45
48
52
55
58
61
65
68
71
74
48
51
54
57
60
63
66
69
72
75
77
80
83
86
59
62
64
67
70
72
75
77
79
82
84
86
89
91
93
66
68
70
72
75
76
78
80
82
84
86
88
89
91
64
65
67
69
70
72
73
74
76
77
79
80
81
82
84
56
57
58
59
60
61
62
63
64
65
66
67
68
68
40
41
42
42
43
44
45
45
46
46
47
48
48
49
49
21
21
22
22
22
23
23
24
24
24
25
25
25
26
-3
-2
-2
-2
-1
-1
-1
0
1
1
1
2
2
2
3
-26
-25
-25
-25
-24
-24
-24
-23
-23
-22
-22
-22
-21
-21
-49
-49
-48
-47
-47
-46
-46
-45
-45
-44
-43
-42
-42
-41
-40
-68
-68
-67
-66
-65
-64
-63
-62
-61
-60
-59
-58
-57
-56
-84
-82
-81
-80
-79
-77
-76
-74
-73
-72
-70
-69
-67
-65
-64
-91
-589
-1188
3414
12916
4118
-1880
-678
-76
-75
-72
-70
-68
-66
-93
-91
-89
-86
-84
-82
-79
-77
-75
-72
-70
-67
-64
-62
-59
-86
-83
-80
-77
-75
-72
-69
-66
-63
-60
-57
-54
-51
-48
-74
-71
-68
-65
-61
-58
-55
-52
-48
-45
-42
-39
-35
-32
-28
-54
-51
-47
-44
-40
-37
-33
-30
-26
-22
-19
-15
-12
-8
-33
-30
-26
-22
-19
-15
-12
-8
-4
-1
3
7
10
13
17
-8
-5
-1
3
6
10
13
17
21
24
28
32
35
39
13
17
21
24
28
31
35
38
42
45
48
52
55
59
62
36
39
43
46
49
52
56
59
62
65
68
71
74
77
51
54
57
60
63
66
68
71
74
77
79
82
84
87
90
63
66
68
70
73
75
77
80
82
84
86
88
90
92
66
67
69
71
73
75
77
79
80
82
84
85
87
89
90
63
64
65
67
68
70
71
72
73
75
